.Random.seed <-
c(403L, 10L, 1925032962L, 1600245469L, 1398185431L, 1277409470L, 
1397402360L, 2137960667L, 116945721L, -969230712L, 2015281718L, 
-1218209167L, -1901420381L, 1179871730L, -218609340L, 1926980103L, 
4681693L, 957184212L, -306591750L, 1154793285L, 701344671L, -735272666L, 
1580044720L, -1161901485L, 737195377L, 1001428128L, 1566651454L, 
-1841022135L, -361207301L, -263074358L, 1167868716L, -1748047057L, 
1287827941L, -1123074916L, 1565382898L, 1762644333L, 1745591975L, 
-2130128690L, 1082048040L, -127744469L, 213584969L, 259624280L, 
1838822406L, -677972511L, 313089907L, -1920418846L, -1598860460L, 
1121615447L, 143877709L, 1535138276L, 1355510730L, 686618165L, 
297294991L, 670643606L, 1385515328L, 1091486723L, 1083323937L, 
-1141497584L, -1406693650L, -1451396455L, 1334594347L, 1370248730L, 
-1053295396L, 1291825375L, 1293835957L, -1489954740L, -434281310L, 
-2109983747L, 1724543223L, 83465758L, 1152723160L, 952523835L, 
1071769049L, -1992670360L, 669593238L, 1762478097L, -597366333L, 
1106613714L, 1906760804L, -296834137L, 10077437L, 1309778164L, 
916772826L, 239930149L, 846879295L, -1480121914L, -537815472L, 
-341235085L, 1454018193L, 1801721536L, -1083653986L, -2013926295L, 
1569061019L, -934102614L, 1754407372L, -145093489L, 788710597L, 
-1559493508L, 1153398994L, 373282893L, -1419226873L, 817767662L, 
-1980691000L, 207581899L, 1070644009L, 1614273400L, 236331174L, 
1822235329L, 592759635L, 162461698L, -155085516L, 526409399L, 
-59014483L, -1194110012L, -87507990L, 1940882517L, -259171857L, 
-1943207434L, -70052064L, 1198622947L, 753573249L, -1128367120L, 
696558222L, 568301049L, 899319691L, 1256330170L, 962128572L, 
-107519489L, -528617643L, 445802604L, 1720573122L, -89770211L, 
-548311657L, 931286270L, 520312504L, -997349221L, 450938617L, 
1973766216L, 1072905078L, 1338138289L, 1465175779L, -663249486L, 
-1741175292L, -1248903865L, 1057028125L, -969859436L, -883075526L, 
-364595067L, -693949089L, 94930406L, 1933180016L, -604217453L, 
50460721L, -1155008800L, 1671446398L, -2013170167L, -710730181L, 
1828126730L, 1077747692L, 288773231L, -1369003099L, -2023847076L, 
-1872701646L, -1173477843L, -1638535961L, -72204786L, 838042600L, 
611196395L, -1179793783L, -705432040L, -2079441594L, -1821680735L, 
229709363L, -485176414L, 310345364L, 1679465751L, 1379207949L, 
-704751068L, -1853734390L, 93543285L, -388743473L, -497397290L, 
-1233633920L, -2052508221L, -41397407L, 655550928L, -105406162L, 
-109688615L, 1726759659L, 1272958810L, 2144024860L, -274919393L, 
356269173L, -2120554228L, 449045730L, 560098749L, 1953798711L, 
1218029790L, 397640728L, 101751675L, 1816431385L, -544426072L, 
-761194666L, -1609510959L, -1800909949L, 2058694162L, -1360131676L, 
152087911L, 1822085821L, 1039258164L, 2070301082L, -1094601243L, 
-190361217L, -1001588474L, 1824465552L, 339665715L, 418281681L, 
1691056768L, 946588510L, -212133719L, -2009892005L, -1423349398L, 
154524684L, 1336884303L, 399797509L, 1731497404L, -509237102L, 
920423309L, 1035971527L, 1598918636L, -1721457260L, 1048797650L, 
-620291744L, 1952619340L, -250613472L, 348194690L, 1754857192L, 
55879916L, 1119193148L, -776552590L, -374354320L, -1929659356L, 
-103641288L, 1526365338L, -1229995312L, -30764868L, -1569882476L, 
489582210L, 1033912512L, 1029957436L, 466645136L, 161922594L, 
-898274296L, 2095688972L, 1745927324L, -589925870L, 1436111744L, 
1396975124L, 593673768L, 1582447930L, 1707126224L, 2012231788L, 
-820673228L, 1950993042L, 1268350816L, 1473695564L, 1348638688L, 
1411763106L, -649512024L, 600238476L, 465120444L, 1220854130L, 
206477552L, -838330300L, -502782632L, 378243642L, -1998155920L, 
1261325372L, -886181100L, 1450931650L, -144933152L, 1129769852L, 
-752385328L, 422517922L, 1087905832L, -1379190516L, 934443964L, 
382758194L, -1435098688L, -1663182284L, -359272504L, 892464314L, 
1651700112L, -1295805972L, 628745812L, 291353746L, -535346400L, 
1849205196L, -1381095968L, 1666930370L, 2139502632L, 1247053484L, 
-1700704068L, -155197966L, -6460112L, 1168417956L, 1234856632L, 
983013722L, -2098173552L, 1447319420L, -1380923116L, 304873282L, 
311054080L, -1046334532L, 485835600L, 363491106L, -424577720L, 
-203559412L, 301525084L, 1529458898L, 1320197632L, 949215572L, 
110382568L, 1548528634L, 2058419408L, 79698220L, -254920972L, 
-376824430L, -1340510112L, -1389202164L, -1019581728L, 260672866L, 
-868080984L, 1963911756L, -712510084L, 1604593970L, -1167885200L, 
-1903891644L, -1813446184L, -40704902L, 1764533808L, -75914564L, 
-656960684L, -1273601982L, 516049312L, -1288071492L, -746353200L, 
235384162L, 301492200L, 654925772L, -1576729860L, 2075133426L, 
-792118144L, 198433012L, 500382344L, -1975178438L, -1236846768L, 
826735212L, 1727809684L, -662929070L, -283416864L, 1580537548L, 
1739495584L, 1369872258L, -968849688L, 1374256876L, -790208452L, 
1416521330L, 946238576L, -1010329052L, 482404408L, 1375137818L, 
1045063376L, -1193386948L, 1111186580L, -1777809278L, -158302272L, 
877513020L, 385574544L, 1733287970L, 66746376L, 1233329292L, 
1004590108L, -792606062L, -1671016320L, 13591572L, -967952088L, 
-950265286L, 1861383376L, -896625556L, 1318268596L, -1915533294L, 
1016924128L, 1092772812L, -571408928L, -219954654L, 77212968L, 
-799005428L, 1103945276L, 2079690994L, 1281674992L, 1729130308L, 
-1027932584L, 850741818L, 1204678384L, -805302084L, -86076908L, 
-1906600766L, 770192480L, -1281032836L, 875483344L, -362298334L, 
-1831346520L, -1583938676L, 2105052604L, 1628273714L, -323082432L, 
325625012L, 490432328L, 2006715066L, 1265712912L, 2060934380L, 
-1919630252L, 143453970L, -1214466144L, 221369292L, -273534112L, 
410567874L, 850466344L, -2090773076L, 1145973564L, -1070450830L, 
-146614480L, -3959260L, -499506120L, 927908058L, -992897648L, 
935115516L, 987632532L, -1158293694L, 845667840L, 179242556L, 
-62895536L, 745789090L, -279952568L, 1599713804L, 1186330844L, 
-16598446L, 143642752L, 1413434196L, -198892056L, 2036416250L, 
-833942704L, -1295045588L, -703346316L, 590411410L, -1683672798L, 
-1034485232L, -1461122631L, -187028885L, -273791652L, -1363987318L, 
-938189697L, 1246787017L, -829092258L, 858623244L, 2089916637L, 
-1517111833L, 1038790160L, -1251318994L, -2082805797L, -525354819L, 
2015670826L, -1651040568L, -1768354831L, 1787043171L, -622324380L, 
1742002322L, -1528124057L, -1332398287L, -1067258762L, 126080404L, 
1001800101L, 1583307439L, -1888015512L, 1417221958L, -176828685L, 
2090332245L, -1228788686L, -1966847488L, -1291982103L, 107336027L, 
-1196033108L, 510474170L, -1557364369L, -1307342087L, -1187232882L, 
346254940L, -511664947L, 256304183L, 1340714688L, -1405085282L, 
-1741192597L, -381482515L, -841402278L, -1431664872L, -518304639L, 
-183248333L, -744036268L, -1033589662L, -352664841L, 1084304705L, 
549755846L, 1599748L, -956004171L, -1268222049L, 987338744L, 
-1983788586L, -632729501L, 909018149L, 510809026L, 1177626800L, 
-1964620583L, -1536064949L, -2001321796L, -1345653014L, -433232097L, 
22730665L, -1379245762L, -2105472980L, 1631671933L, -2011399993L, 
-1965083216L, 1026461646L, -1436052229L, -641875107L, -152582006L, 
-485255512L, -280004079L, 207735555L, 619011588L, 1802456626L, 
-355570041L, -583621935L, 59126870L, 792886324L, -881123515L, 
1052419471L, -648174328L, 1084995366L, -1098754093L, 102390069L, 
-114241390L, -1035300768L, 1740654025L, -553771781L, 139072204L, 
-78497958L, -1064418737L, -6723815L, -2099801810L, -460213444L, 
-1341450067L, -57656489L, 622833312L, -1430001666L, 1068134091L, 
1512587469L, 601211898L, -1712476104L, 2144864737L, 1694610067L, 
550869172L, -2043229758L, -845057577L, 878763553L, -1467673114L, 
-1506415388L, -1478142955L, -518224833L, -375469096L, 970464758L, 
102997507L, -1291134651L, -891421342L, 244129488L, 2064890361L, 
-1605252821L, -1095060836L, 644405450L, -1243688513L, -1600047863L, 
-1004423650L, -1534170164L, -960861795L, 1288528935L, 2011736656L, 
1981208302L, -1519816805L, 547184125L, 2052997354L, 1796006792L, 
443813169L, -80382557L, -1269423708L, 2126230610L, -417738841L, 
